0
1
2
3
6
7
8
11
14
14
14
15
16
20
22
24
24
25
27
29
29
30
32
32
34
35
35
36
37
39
39
40
41
41
42
42
42
46
46
46
46
47
47
48
49
50
50
50
54
54
54
55
56
56
56
58
58
60
61
64
65
65
67
68
69
70
71
71
73
74
74
77
78
79
79
81
81
82
82
83
86
89
91
92
92
93
94
94
95
96
96
100
100
100
102
102
103
104
104
105
105
106
106
107
108
110
110
111
111
113
115
115
115
115
117
117
118
118
119
120
120
122
125
125
125
125
125
128
128
129
131
131
136
137
138
139
140
140
143
143
143
143
143
144
145
146
146
148
149
150
155
156
157
157
158
161
161
162
163
165
165
166
166
167
168
168
169
174
175
175
177
177
178
179
180
181
181
183
185
187
188
190
191
192
192
192
195
197
198
198
200
201
201
202
202
203
205
206
206
207
207
209
211
211
212
212
213
214
217
218
218
219
221
221
222
223
225
226
227
228
229
229
230
230
231
231
232
233
233
236
237
238
239
240
242
243
244
245
245
245
246
246
251
252
253
253
254
254
255
256
256
257
258
258
258
258
259
260
260
261
262
263
264
265
265
268
270
271
271
271
272
272
274
277
278
278
279
279
280
282
284
284
286
287
288
288
289
289
289
290
291
291
293
294
295
297
297
297
297
297
298
300
304
305
305
305
306
307
307
308
308
308
308
308
309
309
310
310
310
310
314
317
317
319
320
320
320
321
321
322
323
323
325
326
326
327
327
334
334
335
336
336
336
339
341
342
344
344
345
346
348
348
349
355
356
357
358
359
361
363
364
365
366
367
367
367
368
370
371
371
371
371
372
372
373
374
375
375
377
377
379
380
380
384
385
385
385
387
387
387
388
390
391
392
393
394
396
399
400
401
401
403
403
403
404
404
404
405
405
406
408
409
409
410
410
413
414
415
415
416
417
417
419
419
420
421
422
424
425
426
426
427
428
429
430
430
431
432
432
433
434
435
435
437
437
441
441
441
441
444
446
448
448
448
450
451
452
453
453
456
457
458
459
462
462
462
463
463
463
465
466
466
466
467
467
467
467
467
469
469
470
470
471
471
471
472
472
473
473
480
481
483
484
484
485
486
487
488
489
489
491
491
492
493
494
494
496
497
498
498
499
501
502
502
503
504
504
505
506
507
509
511
512
512
512
513
514
518
519
519
521
521
521
523
523
524
525
525
526
526
527
528
528
529
529
530
531
533
533
533
533
534
535
536
537
537
540
543
545
546
547
548
548
548
548
549
549
549
550
550
553
553
554
554
554
555
556
558
560
560
565
565
567
568
568
568
570
570
574
574
574
576
576
577
581
581
585
589
589
589
589
591
591
592
592
593
593
593
597
598
598
598
600
601
601
602
604
606
607
607
608
608
609
611
612
613
614
614
615
617
619
620
622
623
624
624
626
627
628
628
629
631
633
635
636
636
637
639
639
639
640
640
641
642
643
644
644
644
646
648
648
648
648
649
651
653
653
654
655
656
656
656
658
659
659
661
661
661
661
662
662
663
664
664
665
666
667
667
668
669
670
670
670
671
671
672
673
677
679
679
681
681
681
682
682
682
683
683
686
689
690
690
693
695
696
697
699
699
702
703
704
706
706
707
709
709
710
710
711
714
717
720
720
722
723
723
724
724
724
726
729
729
732
732
732
734
735
735
735
738
743
745
746
747
749
750
750
751
751
752
754
758
760
760
760
762
762
762
763
764
765
765
766
766
766
766
767
768
771
772
774
774
774
775
775
775
776
777
780
782
782
784
784
785
785
786
788
790
791
792
793
794
795
797
798
798
799
800
800
800
802
802
802
803
803
804
805
806
807
808
808
808
811
812
814
815
817
818
818
821
823
823
823
825
828
828
831
831
832
834
834
836
836
837
839
839
840
840
840
841
843
846
848
850
850
851
852
853
855
855
858
858
858
858
859
859
861
863
863
863
863
863
865
867
867
868
868
868
869
870
872
873
873
873
874
875
875
877
878
878
879
880
880
880
881
882
882
884
885
887
888
889
891
892
895
899
900
900
903
903
904
905
906
907
910
913
913
915
915
917
918
918
918
919
919
922
923
924
924
924
925
925
925
927
927
931
931
933
933
935
936
939
939
940
940
942
942
943
943
943
943
944
944
945
945
949
950
951
951
953
954
954
954
955
955
955
957
957
960
961
962
965
967
967
974
974
976
977
978
979
980
980
982
983
984
984
985
985
985
985
986
987
988
988
993
993
994
1000
1000
1000
