1173
4673
5869
2499
2921
6985
2897
3407
7913
8003
957
4743
9291
4281
7033
8461
3993
4109
275
1051
3535
1511
3973
659
3163
5625
5185
7131
1603
7433
5461
9195
9333
2671
1837
8059
155
9533
3547
8093
415
2113
5917
3579
3023
7687
8999
215
5723
3327
2795
3167
1791
3977
2385
6577
2535
9905
4391
1511
6839
993
6555
2253
4765
135
1221
1361
6321
2513
6007
2279
5161
7163
2549
9129
5127
4549
5927
3585
9229
4729
5865
1609
3069
8523
3191
8049
2439
2491
1481
6233
7839
2739
1649
437
1235
1261
1191
8237
7491
7211
1023
1011
6911
1705
5459
4611
7509
3659
5393
1467
2447
5271
2947
771
7927
4663
9765
6797
2125
9541
7387
1707
3549
6173
5521
3669
5083
165
1461
5911
2123
1593
9319
2977
9633
6167
9177
5231
4103
1477
1
9781
3077
7853
5633
7577
1885
2969
1811
1205
9719
9913
483
2963
4653
9417
3845
4379
4503
2051
3719
3715
4721
2281
6657
3183
1749
985
2171
4511
5613
4675
381
7477
6489
6523
3771
9153
9639
8841
2933
3527
1229
6695
2791
5375
2599
4411
2533
8685
7569
3519
8711
6561
2009
7389
5379
2573
5471
4181
853
1167
6571
3187
85
1939
1901
2057
7943
9759
9553
5665
5737
9563
3551
6039
6583
9199
911
893
1527
4177
3119
285
7967
3689
2237
2263
2343
7589
5849
263
6499
8207
1665
505
5183
4319
8571
3679
6687
1133
2027
8553
2731
6061
7519
3521
3219
2689
599
9031
465
943
7947
6259
4291
2797
7609
7243
3117
4803
4847
7435
5033
1135
1781
1677
7117
7567
9471
3099
7081
6391
1515
7009
6625
3601
1303
5703
6601
5491
2945
2023
1225
2191
7155
8979
3663
7973
449
1965
9377
6073
2121
8539
7301
4253
2743
6451
1011
6015
7967
3259
5939
1429
2077
7547
649
7089
2495
5265
1923
2973
8653
1433
1
5669
877
2297
6841
2639
1277
4825
609
8421
6359
9629
4815
9251
4091
5783
8771
8103
6093
2159
1827
5209
7333
543
2457
185
4053
9671
8109
7467
5177
1151
5703
9943
7825
5165
1009
4107
307
6917
497
449
3355
4131
1199
3351
2535
9505
261
339
9713
2507
7105
3357
5977
9657
1247
1503
9041
8629
9063
9429
3499
7073
1395
981
4049
3547
721
3519
6693
7089
4021
4725
9959
4603
4687
9761
9699
3461
4715
5703
4321
1015
1021
713
9541
79
5497
9811
4917
4441
2433
5821
5769
895
901
3635
9517
6083
8865
9257
4989
8905
6609
7207
8757
5233
4347
3981
1727
503
77
6475
3373
9403
5285
8719
783
2087
5263
959
2029
8215
5839
175
5233
8505
7909
4429
2983
4051
949
2795
9215
9807
1427
4909
2235
1537
2989
1443
741
5171
4401
609
5053
3785
7219
5533
9203
5621
2191
7597
1701
9779
4257
1213
8753
2421
6917
1891
8083
7063
7967
4793
9305
7777
733
8217
7527
8805
1549
9393
8517
8029
8033
3091
2149
8469
2717
6227
21
3177
4765
4345
165
4475
6083
1063
1477
263
1287
1075
7051
9561
8211
4841
5873
5979
1757
2701
1361
2847
7477
2803
1099
6287
967
1745
6963
4259
4125
6955
7505
9295
1599
3395
1903
6613
4799
9847
7793
8749
2945
4559
1819
4285
8581
7409
5887
9075
7589
1497
931
115
2565
6161
583
6859
9289
4051
7149
4459
5767
8763
165
8831
3735
2903
8251
2487
3959
89
603
4471
543
9837
3237
7199
1523
6989
7269
465
323
497
9791
145
3475
8281
2875
555
3327
755
7771
925
5653
8701
7175
8137
6271
6711
3379
3093
7137
3791
8967
4613
3135
3715
711
8609
2061
5709
1865
1837
8715
7333
9923
7751
3631
2231
5319
7775
7819
7789
8533
4733
3773
1639
7481
8355
7005
1885
7323
2225
6165
7431
3839
1335
4587
2879
2097
5675
6697
3703
1739
3715
9895
3195
6171
7577
6075
9447
309
5077
3279
8393
3779
4155
3803
3543
1633
2219
4793
1867
6333
6075
6647
9449
3885
5263
3973
3609
923
6213
753
1917
3309
8581
3995
3803
6197
3595
2497
2957
9671
1739
1175
1885
5263
6009
1399
4291
8441
2217
8557
8707
2105
2057
583
1349
2283
4021
8207
5497
9935
5559
5845
1531
5855
9793
2355
2031
7849
7743
2909
3971
1925
529
2613
5367
9377
9433
9207
3207
3309
363
8647
5799
1311
181
5681
2363
3115
1679
2735
4615
9991
5193
4313
3611
3
7775
9039
1185
7675
3281
6959
1699
4923
4969
6631
2011
2685
909
7983
2009
7511
8619
757
1999
6791
337
495
1643
2543
3947
4795
5679
8191
2047
1919
1977
6223
5019
3871
4521
2883
5691
7165
3235
4845
4835
1459
1799
3629
4611
8829
2203
9933
6169
8901
4049
7785
1837
151
1395
3973
609
2907
495
8505
7259
463
9505
3815
1739
1591
7517
3405
873
3525
5151
295
5311
1523
8511
9669
2831
347
8373
385
1199
3927
3975
2089
4855
8327
759
7021
1015
3265
1241
6897
5509
1829
6871
7963
5841
9809
3051
5847
1285
9389
9693
589
2823
9847
2975
927
2257
6087
5893
3905
725
6919
3529
1201
3239
6901
225
5165
4071
2613
2547
1987
7739
2379
1713
6405
6699
8827
9709
8213
7237
5871
8439
5943
9903
6799
9821
7555
7913
6883
9423
6875
7583
9325
9875
615
6593
5683
7291
2539
6161
2343
9815
5701
8643
5321
4369
6695
5855
1749
6209
559
6493
1071
1617
8221
6367
2549
3243
1307
4847
735
6021
1073
4803
783
4893
1523
145
8025
2969
1201
465
783
4701
1187
3501
5703
2425
1543
1401
1777
7513
5679
3095
8553
3377
6549
3389
2529
5237
3825
9289
6973
341
5251
9401
5747
1199
2445
8867
3811
3157
6941
5883
4735
6991
6345
9675
5289
5667
2895
8741
8807
5375
9071
9537
7249
1797
8303
163
9857
4879
595
1473
4397
3479
1901
9153
5517
3043
7621
1379
5585
371
2931
9245
9217
4913
6829
8875
6517
2157
5391
8393
3923
7963
3635
7637
6259
1481
231
2743
7827
9749
5633
2939
1295
5077
2321
6619
1747
5995
7171
2327
7539
1283
2347
1725
7433
3757
6707
2399
9745
6673
1747
7425
1661
1087
4793
7609
9131
5371
511
2501
9521
5137
4957
1539
1061
7249
5881
157
1329
29
7567
6145
827
557
9209
2031
7869
287
1941
8191
2701
9985
2429
8629
7841
1479
7457
8471
9299
1157
3595
4323
5533
2555
6257
4501
733
8791
3785
5855
405
7627
3131
7343
1539
1495
8317
9005
4553
5419
4141
8479
1257
7863
3225
6259
9759
5301
3755
8951
83
7459
8689
1275
2991
5139
9593
2057
9887
2495
4009
875
8827
569
2273
1289
7895
419
1631
387
5683
7961
5143
5909
4739
2493
1431
4365
8809
7857
1865
8455
6267
699
8137
2705
9051
5857
5073
8789
7369
2053
5891
929
4009
2471
8259
1931
3325
573
4837
8037
2125
3543
3355
9269
1375
2135
5395
275
8435
9547
1053
8387
2661
8105
5721
6761
8887
3925
6431
579
5281
8873
9939
905
3897
439
1121
1825
9245
7109
8651
657
7075
1315
9743
273
2455
9627
3409
7007
893
2501
7825
2753
6763
5543
477
6801
9071
133
631
9099
1267
303
7277
6065
4485
6613
7859
225
3719
2725
2195
7955
4265
5587
6539
2259
7091
8077
7561
495
5653
8079
295
6351
4751
4389
1121
5501
41
6923
2593
4975
9799
8963
1229
2579
3515
2567
8737
1977
7921
4959
9347
4243
7121
5383
7063
2359
3627
2409
5429
1331
6151
497
5617
2715
8651
4043
6905
385
6581
9443
4087
4153
559
3461
2263
1005
6275
8435
6959
1035
2263
9941
9767
7847
7031
1321
5899
5545
5229
8449
2349
8177
3359
5131
2871
9337
679
7039
1107
8507
5049
3967
3371
9625
3001
8829
697
1821
2947
2089
4839
2065
2899
9049
2587
3075
5843
9017
6979
2589
7041
4043
1307
117
8807
5943
2297
7537
4053
5497
3383
8415
9679
7569
3785
7475
4609
1297
9779
7149
9251
7109
2099
8495
8637
2063
5011
9975
2577
8277
7115
1115
3711
5577
6889
9299
1977
3619
7253
9047
9149
6543
2045
1665
7293
2267
8363
1761
2103
529
8149
1955
6805
9957
2349
3407
2447
3779
7733
1619
8467
2139
3531
9899
5175
2249
107
1483
2629
5823
4125
9303
325
997
4191
1053
6525
669
7837
4329
6383
5129
7423
4675
6205
1097
673
6871
869
6061
67
7075
4171
4737
171
391
7661
3495
1459
5663
5685
6505
253
2827
1021
2157
5095
165
1365
7519
6373
1063
8965
6689
7937
1363
8115
6211
167
1643
2473
9581
7143
2433
2569
2653
9805
1171
8711
7193
3421
7213
8545
303
2711
3045
5575
9037
3095
4479
7815
6957
7969
9879
1975
1443
6885
573
6005
2731
3693
8397
9925
441
2395
8741
1717
3579
2073
1333
1781
2277
9227
8411
4853
7791
9021
2643
5203
151
4121
5757
1011
3213
4835
5657
369
5227
3533
2363
9917
7715
2131
4001
5319
387
4481
2121
4305
9561
7935
2685
1903
8735
1965
2707
4931
7443
9375
1363
8197
6267
2347
9649
2201
3235
1743
9427
3771
7647
2545
2759
8033
2839
1897
3603
7109
4661
1369
2917
1521
9933
5603
9301
1379
1443
839
3993
737
2621
4119
9525
7057
9813
4827
1811
3587
1307
8027
8131
1085
5613
4569
7587
8805
481
7309
9933
5887
2567
5033
3667
2483
8967
7251
3991
3543
2753
9259
4875
4303
183
6177
7653
8637
1821
6529
77
4027
829
8709
5555
9799
347
2185
3113
5541
1841
4183
7237
577
7435
2893
1067
343
2711
1483
917
23
3153
1423
5845
1547
8683
9491
8001
5513
2911
6995
971
5169
3971
6789
5981
9313
6377
4031
7107
617
8611
4831
1875
989
5819
4663
2589
317
2649
9003
347
7055
5269
5767
1803
9469
2599
5453
9925
8363
7125
7679
4651
2141
4255
269
1097
3061
3743
3149
1605
8105
4619
2685
7339
8965
4683
7647
9041
8703
1967
193
2419
5617
1779
1799
3625
6211
821
4277
1825
2991
5339
5935
847
7881
1517
5683
1717
2069
2389
257
4005
4745
4829
3711
9847
5527
5791
8549
8121
7877
1969
3587
6441
8533
9531
8337
3689
5445
6469
2625
2477
8597
7739
4927
299
7363
4641
5359
5599
2175
6705
1813
1823
8281
6495
5461
1899
8667
1677
7867
7057
1465
8705
4313
8179
2447
5757
4179
8637
39
7159
305
157
6473
5517
9331
3917
2287
1
1811
7341
2721
1557
5569
5301
8239
2027
8395
9699
1845
5085
2553
1349
3041
5577
5019
6055
457
2361
7433
8321
4655
1689
963
3231
8207
3451
6323
4279
7327
9295
8787
4787
7791
869
9667
9267
8913
5339
8737
4771
8679
1731
2271
6151
8169
305
9851
1713
9343
3993
801
6857
4727
4797
1829
9843
8735
5625
4597
8223
3659
4557
1475
5375
2385
8457
9993
6679
5661
2791
6203
8435
7293
9685
1273
2925
7179
6899
1897
301
3395
3645
9903
7081
6617
1389
303
7729
9983
9927
7643
5713
6843
6741
6211
4425
9593
8089
1021
7035
3857
5737
3167
2237
3369
7421
9981
2087
8459
7111
2609
2927
589
2025
4927
9585
5585
5179
9351
151
345
5171
385
6383
2435
2151
2121
7907
5537
1885
911
7763
3619
4537
3353
4329
3041
7631
7125
8965
4773
9257
4279
7931
5077
9169
5897
6901
6667
19
6707
5937
5055
3279
1893
8355
6283
2487
127
1947
9497
4283
383
2093
7419
6999
671
8645
4167
7991
367
8683
2835
1899
5953
4127
7079
7571
5603
6707
1543
9715
9219
2753
3953
4807
677
5729
1609
643
3647
6167
6061
5681
1077
169
635
987
29
8267
7929
4149
3777
2339
3729
7817
1427
9211
2431
7985
3207
6095
7097
1303
7089
6745
4251
7237
9821
757
7103
611
5089
2127
5873
9041
7229
7469
815
9881
9393
9185
9997
1573
3659
9079
943
8065
1443
3321
6907
3807
2915
5001
3941
8777
2353
7319
5719
2653
387
3921
4021
1337
8663
537
1303
3019
9057
4321
9357
1903
6549
1395
8025
5935
3815
6499
1161
9423
8577
3923
7005
2839
6211
7519
8445
1095
4747
2965
2407
1495
2515
5683
9723
2073
1963
7091
159
9989
161
903
345
4841
5201
4463
585
6305
9037
3839
6047
8787
7695
5923
1405
7301
2755
1213
8093
2227
7985
6329
1665
7251
3487
1995
1173
7497
6019
2251
1447
1415
963
7247
7449
9887
3383
3795
995
3387
7029
821
9929
9735
2313
9319
6035
5905
5153
457
2505
8231
2127
2271
5219
2531
9385
727
407
4535
3049
5519
9087
2331
4987
6995
7299
2073
1965
1919
1789
9543
63
1963
1113
9383
7711
9675
3351
2569
7395
2559
6765
3907
2937
4567
207
1183
6705
5383
6207
4793
7265
6459
1713
7211
3259
6407
2593
9083
1091
8141
791
1427
7109
6993
7483
9387
9505
6183
3071
6763
3845
2677
7253
99
9353
2935
7459
1781
1305
175
3155
2287
9223
8975
7217
8487
7215
3491
9945
9311
2827
6495
3085
7493
6011
4349
2245
6875
3527
2159
1791
9275
8257
245
6729
1563
5569
6157
7013
7989
7291
879
5851
9991
4079
9019
4929
3937
5415
4347
7357
8577
5149
4117
9199
9543
7879
7357
6961
5569
4729
2507
899
3993
319
7167
5433
6391
8389
8311
6845
489
8013
449
1969
2575
6681
5807
1359
4833
6459
7933
3033
2547
6447
361
5859
3267
345
351
4733
383
2467
8145
3195
5033
1445
4929
9703
3961
8659
4593
2033
5563
5463
1673
3849
8245
3091
2921
7759
1185
5223
8303
8525
437
6989
8601
6145
3417
177
233
7731
3597
6977
2837
1659
3907
8779
531
9199
1963
247
8391
8129
1217
3745
819
3639
9179
6299
1823
4793
5301
5603
5527
9163
2555
6061
6303
8273
3259
55
2195
2447
4995
327
7835
9855
1375
4975
2969
6541
1889
531
2287
8841
4981
6027
8455
2031
7309
5379
8125
9241
8065
4951
5197
1513
2707
5609
579
7691
8935
4999
1259
1331
7763
9665
7817
2291
9205
2625
1305
4255
3845
8345
7121
3013
9879
4927
7687
8887
6027
6513
4819
5003
8979
9133
2677
509
7323
6135
8635
5635
397
4585
2131
9087
43
5425
6745
3821
687
9037
9783
7581
1643
5957
3461
7287
4573
9527
791
5669
4095
4273
693
8349
7195
4385
8147
9767
5475
2603
809
6555
7875
9097
5227
4605
6069
6255
8647
7597
8793
9561
1655
4009
8467
2587
6465
2333
9925
909
1449
4463
9139
7015
8249
7219
3953
2993
2893
7415
1961
4545
8709
1235
2477
4457
6037
1211
3223
7843
9763
2743
6895
33
8195
9999
235
913
8031
435
1205
6665
9457
4603
9771
1123
6189
6493
3063
6577
7855
9395
1987
1701
9207
7891
49
5105
5995
123
9752
2226
8314
7640
8036
8936
5118
3542
3658
920
3912
6074
2286
9350
8494
8508
8140
9110
4212
7412
202
5020
2254
7630
3372
3526
5964
5844
4528
8006
2356
7758
238
5930
8912
5068
8854
4550
9946
3024
4064
2528
326
3424
4298
712
5258
9536
2698
8788
8044
292
7504
938
6276
8744
5186
3410
750
9782
6644
4850
7860
124
8812
1624
9020
7546
6430
276
9556
5112
8564
1132
1904
8174
5874
5014
2184
5118
506
2428
8114
1682
9946
8974
8384
7576
3370
910
4284
732
802
8748
20
2298
6902
9238
6116
4212
5252
8824
2760
8280
8278
150
1382
6188
1114
3680
6848
594
9538
1374
9752
8642
2888
1870
9198
5084
3538
4370
4830
8920
1830
7432
880
1744
9740
9212
5314
3144
8886
7040
4034
6918
9668
7854
1142
7860
6300
8096
1992
1802
7186
4940
4172
9962
6700
548
7502
8864
3230
9108
1076
9018
2266
1528
6136
4256
5846
376
826
4952
8214
9434
6390
1424
9474
8994
9438
6932
934
8864
1862
1126
964
4454
3518
7594
9652
6606
4250
7416
6256
9586
4076
4188
1846
224
4022
1608
3872
4448
2992
3348
4248
4272
9102
222
6302
4168
4824
8598
670
4778
1912
5662
1700
3582
2340
2890
1988
552
542
5958
8958
4478
190
5686
4468
5914
3092
6700
9328
1130
8972
4600
6268
628
2320
7842
378
7094
1916
4056
9296
3608
6860
8398
8818
296
886
2686
8962
8126
9794
6082
9852
2570
2578
7062
2020
2612
7140
2498
7646
5016
1050
3978
2706
6592
1910
1820
1326
2034
2014
5350
9286
4566
534
918
4480
126
9278
7390
1278
1162
2476
9650
746
7272
8702
6742
6868
3718
6742
6774
8418
2814
1624
2732
8264
628
2648
5664
8150
1148
6822
8668
7246
2636
6806
7640
9200
2044
3334
8648
3722
2956
1308
72
7358
6430
376
7356
4338
5094
3660
3956
1616
8310
2054
2526
2176
9466
4602
1840
7636
5546
5516
3226
2902
956
2360
7818
3440
5492
6420
3290
1884
5854
6038
4298
6234
4536
3724
782
8922
3120
7252
5244
168
8498
3406
5690
5066
9222
170
7518
1296
7774
5028
6202
5820
6638
6194
554
4992
2184
66
4894
2134
3344
262
1646
9638
2714
9700
8784
7268
9368
5274
202
86
5802
478
9306
8408
4198
880
1226
6074
8594
4514
7352
2002
2784
4856
1442
956
9228
2394
7138
8634
5538
6116
9210
1066
1784
9716
260
216
6016
5706
8726
308
2098
6884
5456
9856
5928
6018
5916
7054
6020
4118
9196
4042
1574
4616
5732
9716
3684
2886
604
9222
8482
3106
76
7330
386
6230
3150
5248
514
594
6308
4034
5338
6122
966
2494
1294
8736
5312
9826
9626
7342
1402
5200
5912
2854
9610
4916
628
1624
3274
2284
5252
5368
980
4078
4908
5078
5148
2646
6742
9716
8512
214
606
2530
9476
1132
700
3798
6712
5904
4002
9590
188
1330
1360
5446
402
6424
3488
5964
5794
302
5352
2104
794
94
3654
6376
3562
3754
7126
470
4914
2698
8706
6226
8238
1276
326
1280
3950
8472
8530
418
9124
2680
3086
8710
4878
8174
1024
6174
4610
3784
2296
7458
1952
7270
9688
2150
448
304
4094
2574
7866
856
1136
3158
3112
2078
4416
926
4608
4612
9592
3084
698
6426
2072
5994
2566
5724
2218
2504
2162
5812
5698
6212
8480
6616
4482
5354
2254
7684
9896
2392
3482
8132
5614
8686
2534
5392
1174
4882
4348
9066
4388
2076
1646
9438
8330
2448
9246
9532
5392
2996
3770
88
878
3956
7152
4008
7522
3512
7552
856
9932
2526
9846
8376
5836
9878
7524
6722
378
3922
1298
5628
8748
3720
2036
3372
1570
2476
6678
5402
6676
8676
8468
2078
1946
6808
3888
190
3504
6568
6894
686
4270
2962
6356
6678
1330
6450
3082
5274
5244
1416
8374
5070
5498
5256
3276
4370
3156
8318
5998
3438
1616
4748
3316
8334
3012
4632
3742
9628
4624
7788
6998
7296
6550
6190
7068
5236
7830
9140
994
9950
1594
7350
9782
6884
4872
5806
2530
3504
3470
904
2058
2460
7386
5116
6744
3074
4970
8792
7384
7366
4780
6012
666
4750
922
1258
1466
8164
2832
6374
2782
2224
5678
3056
2450
9400
4508
8730
1628
5954
7668
2634
1814
2136
5044
3098
7318
1308
1568
8804
3446
3576
1340
9298
496
28
3542
4740
6690
8264
7576
1698
8212
470
4766
2582
7632
3396
6688
9196
9086
7646
1946
1272
2292
7998
8396
8632
574
844
8320
846
3470
6522
3178
2150
9306
5910
7886
8940
8868
2668
4014
9308
3742
6636
7382
7920
2182
8000
202
1242
1920
3560
762
1048
1506
3502
166
3246
5610
786
1952
78
8856
2592
7400
1612
1354
2062
3900
418
1944
116
3312
7456
424
1706
460
1788
4280
3810
7706
7114
2548
1148
6830
9496
8978
7424
246
8580
6620
7306
8770
9846
812
944
4710
8890
90
5082
9382
1628
8952
1596
7216
568
80
3414
3966
4758
4788
2960
4094
1098
6192
3386
5384
2166
1210
5906
6800
6162
540
9984
2090
6910
8320
3610
6332
230
6530
200
1466
1046
1152
9706
7054
698
7312
594
1196
5238
5440
9802
7976
5348
6370
7428
1590
8756
3718
3314
1884
3786
526
5310
2556
1016
3694
8218
3886
3498
8212
7870
6642
6474
7854
9288
1092
5380
2178
6548
4080
966
5378
8818
6510
6948
4980
9468
3598
9468
6762
6998
9464
1234
9536
7056
996
298
9956
422
4604
9868
6602
9798
1996
6566
6042
3168
7496
6264
5136
370
9710
3518
1950
5508
4144
8400
1174
5368
548
4660
176
1788
9780
1720
562
2312
716
5988
7194
9504
6504
4640
2666
5776
5374
7624
1354
7412
4582
4122
8274
278
4180
8802
2616
1282
584
7658
9498
766
276
5316
1284
9266
3334
8854
9170
1896
6348
3990
3266
8642
1654
8752
4066
2520
9334
6134
5774
8594
4416
2736
8446
3384
2050
3532
1546
6892
4674
1832
6594
3892
7510
4988
922
9210
1348
4234
9002
8504
1336
2888
4288
9894
9388
5390
7986
1372
8762
1346
200
5752
9708
3434
1328
9906
5096
4138
7456
3048
9822
9728
8090
8998
2824
6222
2240
9228
5048
5192
8650
7204
4484
9682
5540
5622
8902
1660
16
1802
6470
2046
3354
2100
8914
956
5928
1922
9568
3228
7984
5884
252
3450
2468
6082
4726
9902
7494
7250
2494
2694
4014
7740
848
2464
3342
6250
2812
2480
2022
2436
9406
9446
6014
5866
5576
2398
6588
914
2804
1998
1880
5914
1420
716
6600
652
8296
4682
7486
6188
7622
3428
8524
7626
490
128
8924
3420
5282
1728
2416
94
12
1572
8688
8992
2744
1294
2816
882
4654
9140
7858
50
2366
7090
5246
436
500
2238
1866
5310
3060
7846
2060
5046
9242
1914
2212
6292
4256
9010
7682
2286
7286
856
3014
3358
3376
8254
4618
5070
6458
1020
2668
7186
8360
7818
4752
2360
8810
8062
192
3554
2880
2926
1916
6548
7712
8388
1842
210
2566
9538
8144
6832
2952
9520
6162
4562
1404
6926
466
4754
9824
1742
6064
8904
1074
5428
2248
8382
524
2014
1774
3784
9766
1366
2320
1510
8414
3330
8240
2412
998
7422
824
1820
8056
4700
8424
9716
1886
800
7898
4390
1852
3770
2606
5146
4250
28
2728
2228
5114
9568
7274
2208
6328
7694
5886
362
6044
8482
4660
9264
2030
74
9092
8792
1898
6096
9882
3812
1690
2126
3648
5066
1310
4866
9358
2416
248
5052
4830
7126
3536
158
5450
950
4980
20
68
5032
2540
1188
1960
5094
7014
2000
2424
6752
2042
3674
1654
6168
4146
7972
5288
5782
3366
7960
8202
9874
808
3768
120
8654
4678
6222
9302
3932
1706
6228
678
9928
6872
2216
8592
8452
88
1736
4590
2032
3350
8040
9114
5478
392
9566
9464
6996
5576
5322
1960
9104
7644
9846
688
9898
4106
1314
6550
3396
1292
1422
442
7384
6228
7262
3548
7430
6284
7440
4978
2886
6814
244
5482
3028
9618
7484
1358
614
9122
4962
806
3180
3682
7658
1690
2670
196
9028
3144
8036
6884
9714
1910
7470
3402
222
5706
7450
1836
7222
9572
1718
2064
648
194
5030
9860
1226
1486
4308
2878
8630
164
4020
4304
880
6558
3024
9310
3922
5456
3624
1442
6598
9732
4958
9622
8316
7258
8448
9322
1334
3120
5540
5898
7390
720
2712
1880
766
748
2816
1212
3012
9520
7982
4280
7252
2112
1918
8570
8928
4382
7066
7942
1758
3666
2762
1458
3502
166
7694
9464
1600
7202
1642
1704
3804
66
1068
9380
4266
4004
3124
4194
4278
3956
4880
1574
9110
7922
6304
2980
9836
2400
7542
7548
9960
1706
4508
5604
3986
2404
1996
8330
3302
9480
6214
6014
6340
8606
5942
9012
2312
308
2872
8216
7226
2410
2524
4370
3328
8100
72
9512
4772
3940
2398
6824
4068
822
7012
1518
1522
4802
1476
7698
6986
2292
1980
756
3636
6606
500
870
2772
3012
6106
2882
9630
5972
4574
7048
2444
3142
4862
6592
8300
3034
8394
6092
9998
5466
2650
6246
1350
8494
9564
5890
750
7690
1618
7032
390
5010
9820
7868
3974
7724
5106
8212
4384
9144
1616
7946
42
1766
508
5848
7564
2848
9848
8074
8912
6554
9758
7180
7616
2336
7470
4794
5964
1204
1724
754
6556
6766
1830
1516
9186
5764
9876
9024
4578
4394
5580
3090
3438
5030
2550
2660
9258
8200
3166
336
666
5294
1658
1010
7552
4068
8012
8658
2422
8596
630
8054
9918
2406
2302
9586
4540
2172
6072
4030
5462
2146
3066
1540
4940
5284
2480
2100
6856
1078
448
240
3880
5698
5930
8934
8448
6046
3494
8430
1318
6560
2884
1756
7394
4056
8196
1778
2968
9964
498
4414
7060
3066
5946
4030
7546
2592
8512
4082
4426
5044
1426
5990
8772
4758
128
520
4704
2296
1778
9452
7678
4618
4298
8962
5580
198
3256
2370
1190
2170
2396
2918
2846
3194
6994
2518
1152
9350
7610
2144
24
4296
8992
642
560
9624
4106
6400
1532
4314
8224
952
794
5292
8732
540
8484
7910
2978
2960
6952
9044
4
4360
7880
1370
202
4644
6894
2696
232
7262
5926
1762
7624
1222
1952
506
7504
4576
6354
2226
2684
7474
3526
9806
7370
1154
234
5638
2892
6704
8304
8110
7048
2794
2440
4134
8988
9146
8720
18
8258
1842
3638
4482
7446
4750
5528
2430
9328
5710
3836
9042
1958
7550
4520
7132
458
960
2610
7604
6650
2298
1580
2686
8152
7276
8966
7198
4168
938
9108
7206
7052
3790
3106
8678
2672
4908
7972
8100
7006
2818
948
7734
1430
1074
6318
1824
8212
3442
158
2114
5406
6718
4960
8414
6868
6000
652
9804
4182
1482
4260
7666
9604
7760
9494
2400
4352
7624
2456
1918
6924
1134
2234
6038
94
6922
2310
7668
1108
2206
1988
42
3354
2024
2412
2614
2624
572
6752
3860
4370
468
1590
5538
6730
4346
7308
9200
4600
4820
4614
1448
496
902
9696
4708
5356
3066
2842
8370
86
7814
2900
3546
398
5404
6
1844
1796
992
7822
6054
2140
6348
6512
5888
754
8298
8222
3682
6254
2782
5886
2556
246
9710
1168
5632
5886
1872
1946
4400
8248
6764
9128
3238
2270
8148
5054
9016
4400
2400
3526
196
5266
3340
9540
106
5602
3086
2176
4916
9286
2740
6684
4870
4206
3932
3872
9470
3092
3728
7986
4462
3702
764
5734
368
3658
8528
226
1174
2066
9392
3662
5510
9280
6892
2660
7226
3312
5190
6002
3878
9194
1348
778
992
2876
5770
3374
664
9558
9694
552
2300
7966
2212
1832
2274
5134
3266
8124
776
9990
412
6048
4698
1978
9894
6216
7552
5544
6434
5290
6620
9528
8108
6692
8744
1790
7616
8612
470
2044
332
2136
5058
1464
5798
2304
5114
7406
8792
694
4440
1936
638
158
7298
1380
6692
6848
8296
1396
1960
8354
7922
16
238
3136
7610
2732
5392
4180
8214
2582
3194
7186
2630
3790
2032
3968
4884
6548
7520
2570
314
3296
118
1716
1972
644
5280
9784
3234
8618
3358
4716
7792
6320
2966
4918
4968
4994
9120
684
30
2692
3042
1466
7116
1430
5350
7352
4504
452
3236
2658
5904
2700
2724
1324
1916
6238
2978
7410
3104
224
6986
3430
3010
8138
2136
9242
6530
4876
1816
8108
2562
7684
9538
398
9334
632
6146
7656
3742
1960
2042
2314
5066
4734
9064
8006
7562
2410
1186
7440
5048
2122
9910
2082
4538
5914
9932
5118
3142
9180
3834
6192
3752
1902
6490
1910
1176
2266
5838
9834
3952
252
8642
2018
9318
738
1600
4944
9102
3958
8854
4746
2502
7710
676
5724
870
7394
6808
9882
9128
6026
6134
9338
9312
1068
3278
8374
8976
490
5164
6622
9872
5496
3728
6406
68
5570
264
3506
4580
4516
5018
7708
1052
3332
4556
746
1908
9124
7132
6292
6836
4634
9942
7320
2954
154
2504
470
4938
6206
4230
4368
6408
7058
3142
2810
7964
2120
4624
1364
8790
2736
1652
3210
9834
4
9444
8444
8524
6898
7776
9500
4210
8010
7496
8536
7802
7602
7694
8798
7386
8864
3808
8612
2888
2332
2584
6662
5532
3454
5518
7450
8318
6112
5372
6494
9246
340
9212
2640
8740
5912
6150
5020
2868
7994
390
8048
4068
2958
3662
5434
9686
4320
7964
5738
1550
5538
3714
9372
702
2362
1270
7358
6874
9916
3174
2968
5126
8514
7548
7994
2664
5084
7348
7344
5882
3466
1082
7904
2880
520
4224
6742
6418
1454
298
2680
8246
8864
8052
8736
2760
2046
5920
1404
6348
9490
6504
568
8158
7622
6814
4298
5438
5950
164
1262
2482
9756
8490
8040
7988
3160
3982
382
904
3860
54
8280
6228
4770
5768
5120
7858
2488
1154
7368
4954
4162
5916
1474
2906
238
9886
1894
4200
9534
1674
3504
1168
876
7834
9018
5762
9490
4944
14
5460
5124
7936
8222
4062
4428
2134
3162
2640
4752
58
3404
9476
760
9800
2116
6040
2856
7718
7948
8698
3702
1504
2386
7228
6378
2172
2570
3486
8024
9022
1060
5854
3496
2278
1732
5982
738
2302
8148
8044
9552
754
2316
2054
4166
7530
8792
1318
7640
1036
884
2444
8682
7454
2178
3416
8264
2312
3614
1280
2172
10
5116
7440
5318
4070
4206
1124
4384
7544
5020
9036
9340
9690
2692
5256
2586
672
3480
3742
1438
2628
8806
7624
1140
6662
8886
4834
5470
1956
2508
9330
2152
6506
9344
2236
6922
6670
4010
5466
6180
4974
8136
1720
1622
9974
7486
690
2840
7584
5940
4506
3188
9930
76
8642
108
4886
622
5776
1094
760
9132
652
7118
5964
7100
1104
556
6588
4302
3518
7034
5694
9848
5434
1832
8984
7992
4176
1272
3846
2280
64
1958
6794
3882
52
5002
2548
8142
7706
6462
7038
4242
9394
2410
8464
8790
9704
7316
7176
6110
2880
2412
8772
6502
7002
2268
4212
2070
7128
9594
1400
2694
7172
4642
5612
8282
7196
9484
5534
7352
1742
2198
8956
3322
1474
4636
6484
9660
5252
9154
8452
462
9884
7706
7816
3402
7668
2802
4704
2420
3794
5674
